Germany, Period fertility rates by calendar year and age (Lexis squares, age in completed years (ACY))
Last modified: 04/02/2019
Year    Age        ASFR
1956     12-    0.00000
1956     13     0.00001
1956     14     0.00019
1956     15     0.00126
1956     16     0.00566
1956     17     0.01950
1956     18     0.04569
1956     19     0.07650
1956     20     0.10309
1956     21     0.12560
1956     22     0.14162
1956     23     0.14940
1956     24     0.15101
1956     25     0.14803
1956     26     0.14214
1956     27     0.13579
1956     28     0.12795
1956     29     0.11853
1956     30     0.10662
1956     31     0.09742
1956     32     0.08923
1956     33     0.07858
1956     34     0.06906
1956     35     0.05958
1956     36     0.05148
1956     37     0.04391
1956     38     0.03614
1956     39     0.02928
1956     40     0.02237
1956     41     0.01665
1956     42     0.01176
1956     43     0.00764
1956     44     0.00460
1956     45     0.00215
1956     46     0.00096
1956     47     0.00049
1956     48     0.00024
1956     49     0.00011
1956     50     0.00005
1956     51     0.00003
1956     52     0.00001
1956     53     0.00001
1956     54     0.00000
1956     55+    0.00000
1957     12-    0.00000
1957     13     0.00001
1957     14     0.00021
1957     15     0.00139
1957     16     0.00617
1957     17     0.02080
1957     18     0.04597
1957     19     0.07747
1957     20     0.10536
1957     21     0.12727
1957     22     0.14448
1957     23     0.15419
1957     24     0.15789
1957     25     0.15660
1957     26     0.14909
1957     27     0.14010
1957     28     0.13111
1957     29     0.12082
1957     30     0.11011
1957     31     0.09813
1957     32     0.08869
1957     33     0.08030
1957     34     0.07034
1957     35     0.06110
1957     36     0.05158
1957     37     0.04371
1957     38     0.03644
1957     39     0.02893
1957     40     0.02254
1957     41     0.01615
1957     42     0.01131
1957     43     0.00751
1957     44     0.00437
1957     45     0.00218
1957     46     0.00104
1957     47     0.00054
1957     48     0.00027
1957     49     0.00013
1957     50     0.00006
1957     51     0.00003
1957     52     0.00001
1957     53     0.00001
1957     54     0.00000
1957     55+    0.00000
1958     12-    0.00000
1958     13     0.00001
1958     14     0.00021
1958     15     0.00140
1958     16     0.00638
1958     17     0.02082
1958     18     0.04621
1958     19     0.07571
1958     20     0.10351
1958     21     0.12671
1958     22     0.14445
1958     23     0.15509
1958     24     0.15974
1958     25     0.15760
1958     26     0.15228
1958     27     0.14284
1958     28     0.13223
1958     29     0.12185
1958     30     0.11033
1958     31     0.09986
1958     32     0.08803
1958     33     0.07834
1958     34     0.07034
1958     35     0.06072
1958     36     0.05142
1958     37     0.04252
1958     38     0.03535
1958     39     0.02881
1958     40     0.02172
1958     41     0.01595
1958     42     0.01063
1958     43     0.00667
1958     44     0.00409
1958     45     0.00203
1958     46     0.00094
1958     47     0.00048
1958     48     0.00024
1958     49     0.00011
1958     50     0.00005
1958     51     0.00003
1958     52     0.00001
1958     53     0.00001
1958     54     0.00000
1958     55+    0.00000
1959     12-    0.00000
1959     13     0.00001
1959     14     0.00030
1959     15     0.00168
1959     16     0.00711
1959     17     0.02402
1959     18     0.05105
1959     19     0.08266
1959     20     0.10970
1959     21     0.13292
1959     22     0.15021
1959     23     0.16045
1959     24     0.16578
1959     25     0.16558
1959     26     0.15964
1959     27     0.15022
1959     28     0.13781
1959     29     0.12458
1959     30     0.11298
1959     31     0.10189
1959     32     0.09038
1959     33     0.07905
1959     34     0.06987
1959     35     0.06208
1959     36     0.05344
1959     37     0.04483
1959     38     0.03609
1959     39     0.02897
1959     40     0.02281
1959     41     0.01613
1959     42     0.01103
1959     43     0.00673
1959     44     0.00399
1959     45     0.00205
1959     46     0.00092
1959     47     0.00048
1959     48     0.00023
1959     49     0.00011
1959     50     0.00005
1959     51     0.00003
1959     52     0.00001
1959     53     0.00001
1959     54     0.00000
1959     55+    0.00000
1960     12-    0.00000
1960     13     0.00001
1960     14     0.00034
1960     15     0.00232
1960     16     0.00852
1960     17     0.02534
1960     18     0.05436
1960     19     0.08568
1960     20     0.11167
1960     21     0.13176
1960     22     0.14897
1960     23     0.16016
1960     24     0.16508
1960     25     0.16476
1960     26     0.15925
1960     27     0.14962
1960     28     0.13861
1960     29     0.12559
1960     30     0.11303
1960     31     0.10177
1960     32     0.08980
1960     33     0.07876
1960     34     0.06833
1960     35     0.06007
1960     36     0.05273
1960     37     0.04427
1960     38     0.03608
1960     39     0.02789
1960     40     0.02195
1960     41     0.01660
1960     42     0.01076
1960     43     0.00682
1960     44     0.00382
1960     45     0.00181
1960     46     0.00088
1960     47     0.00046
1960     48     0.00023
1960     49     0.00011
1960     50     0.00005
1960     51     0.00003
1960     52     0.00001
1960     53     0.00001
1960     54     0.00000
1960     55+    0.00000
1961     12-    0.00000
1961     13     0.00001
1961     14     0.00037
1961     15     0.00269
1961     16     0.01113
1961     17     0.02921
1961     18     0.05777
1961     19     0.09213
1961     20     0.12019
1961     21     0.14097
1961     22     0.15614
1961     23     0.16621
1961     24     0.16945
1961     25     0.16825
1961     26     0.16296
1961     27     0.15396
1961     28     0.14218
1961     29     0.12938
1961     30     0.11501
1961     31     0.10216
1961     32     0.09051
1961     33     0.07962
1961     34     0.06965
1961     35     0.06001
1961     36     0.05202
1961     37     0.04437
1961     38     0.03656
1961     39     0.02884
1961     40     0.02158
1961     41     0.01599
1961     42     0.01120
1961     43     0.00664
1961     44     0.00386
1961     45     0.00181
1961     46     0.00078
1961     47     0.00040
1961     48     0.00019
1961     49     0.00010
1961     50     0.00005
1961     51     0.00002
1961     52     0.00001
1961     53     0.00001
1961     54     0.00000
1961     55+    0.00000
1962     12-    0.00000
1962     13     0.00002
1962     14     0.00038
1962     15     0.00271
1962     16     0.01107
1962     17     0.03313
1962     18     0.06147
1962     19     0.09356
1962     20     0.12161
1962     21     0.14327
1962     22     0.16014
1962     23     0.16868
1962     24     0.17106
1962     25     0.16878
1962     26     0.16131
1962     27     0.15121
1962     28     0.14062
1962     29     0.12791
1962     30     0.11499
1962     31     0.10051
1962     32     0.08840
1962     33     0.07774
1962     34     0.06749
1962     35     0.05822
1962     36     0.04976
1962     37     0.04222
1962     38     0.03499
1962     39     0.02785
1962     40     0.02110
1962     41     0.01525
1962     42     0.01090
1962     43     0.00704
1962     44     0.00378
1962     45     0.00169
1962     46     0.00070
1962     47     0.00034
1962     48     0.00017
1962     49     0.00009
1962     50     0.00004
1962     51     0.00002
1962     52     0.00001
1962     53     0.00001
1962     54     0.00000
1962     55+    0.00000
1963     12-    0.00000
1963     13     0.00001
1963     14     0.00036
1963     15     0.00270
1963     16     0.01181
1963     17     0.03529
1963     18     0.07010
1963     19     0.10053
1963     20     0.12538
1963     21     0.14765
1963     22     0.16339
1963     23     0.17189
1963     24     0.17531
1963     25     0.17314
1963     26     0.16588
1963     27     0.15473
1963     28     0.14283
1963     29     0.13136
1963     30     0.11803
1963     31     0.10454
1963     32     0.09111
1963     33     0.07914
1963     34     0.06870
1963     35     0.05958
1963     36     0.05073
1963     37     0.04231
1963     38     0.03502
1963     39     0.02829
1963     40     0.02183
1963     41     0.01563
1963     42     0.01030
1963     43     0.00683
1963     44     0.00420
1963     45     0.00178
1963     46     0.00068
1963     47     0.00032
1963     48     0.00016
1963     49     0.00008
1963     50     0.00004
1963     51     0.00002
1963     52     0.00001
1963     53     0.00001
1963     54     0.00000
1963     55+    0.00000
1964     12-    0.00000
1964     13     0.00001
1964     14     0.00035
1964     15     0.00261
1964     16     0.01187
1964     17     0.03641
1964     18     0.07274
1964     19     0.10961
1964     20     0.13135
1964     21     0.14813
1964     22     0.16272
1964     23     0.17170
1964     24     0.17453
1964     25     0.17254
1964     26     0.16642
1964     27     0.15541
1964     28     0.14274
1964     29     0.13066
1964     30     0.11887
1964     31     0.10566
1964     32     0.09309
1964     33     0.08057
1964     34     0.06935
1964     35     0.05960
1964     36     0.05095
1964     37     0.04278
1964     38     0.03458
1964     39     0.02768
1964     40     0.02165
1964     41     0.01576
1964     42     0.01081
1964     43     0.00669
1964     44     0.00401
1964     45     0.00200
1964     46     0.00076
1964     47     0.00036
1964     48     0.00017
1964     49     0.00009
1964     50     0.00005
1964     51     0.00002
1964     52     0.00001
1964     53     0.00001
1964     54     0.00000
1964     55+    0.00000
1965     12-    0.00000
1965     13     0.00001
1965     14     0.00033
1965     15     0.00265
1965     16     0.01199
1965     17     0.03710
1965     18     0.07471
1965     19     0.11162
1965     20     0.13779
1965     21     0.15208
1965     22     0.16114
1965     23     0.16661
1965     24     0.17004
1965     25     0.16900
1965     26     0.16276
1965     27     0.15276
1965     28     0.13995
1965     29     0.12704
1965     30     0.11484
1965     31     0.10285
1965     32     0.09066
1965     33     0.07889
1965     34     0.06757
1965     35     0.05792
1965     36     0.04903
1965     37     0.04099
1965     38     0.03357
1965     39     0.02679
1965     40     0.02095
1965     41     0.01520
1965     42     0.01021
1965     43     0.00637
1965     44     0.00367
1965     45     0.00184
1965     46     0.00082
1965     47     0.00040
1965     48     0.00019
1965     49     0.00009
1965     50     0.00005
1965     51     0.00003
1965     52     0.00001
1965     53     0.00001
1965     54     0.00000
1965     55+    0.00000
1966     12-    0.00000
1966     13     0.00001
1966     14     0.00032
1966     15     0.00259
1966     16     0.01214
1966     17     0.03755
1966     18     0.07671
1966     19     0.11752
1966     20     0.14375
1966     21     0.15859
1966     22     0.16568
1966     23     0.16842
1966     24     0.16907
1966     25     0.16705
1966     26     0.16153
1966     27     0.15216
1966     28     0.13970
1966     29     0.12633
1966     30     0.11310
1966     31     0.10029
1966     32     0.08947
1966     33     0.07825
1966     34     0.06701
1966     35     0.05730
1966     36     0.04841
1966     37     0.04001
1966     38     0.03259
1966     39     0.02550
1966     40     0.01916
1966     41     0.01407
1966     42     0.00968
1966     43     0.00605
1966     44     0.00352
1966     45     0.00164
1966     46     0.00074
1966     47     0.00039
1966     48     0.00019
1966     49     0.00009
1966     50     0.00005
1966     51     0.00002
1966     52     0.00001
1966     53     0.00001
1966     54     0.00000
1966     55+    0.00000
1967     12-    0.00000
1967     13     0.00001
1967     14     0.00032
1967     15     0.00246
1967     16     0.01155
1967     17     0.03706
1967     18     0.07684
1967     19     0.11820
1967     20     0.14749
1967     21     0.16292
1967     22     0.16749
1967     23     0.16659
1967     24     0.16415
1967     25     0.16003
1967     26     0.15396
1967     27     0.14538
1967     28     0.13477
1967     29     0.12243
1967     30     0.10909
1967     31     0.09585
1967     32     0.08451
1967     33     0.07523
1967     34     0.06533
1967     35     0.05576
1967     36     0.04642
1967     37     0.03836
1967     38     0.03112
1967     39     0.02439
1967     40     0.01833
1967     41     0.01280
1967     42     0.00879
1967     43     0.00575
1967     44     0.00343
1967     45     0.00160
1967     46     0.00068
1967     47     0.00037
1967     48     0.00019
1967     49     0.00009
1967     50     0.00004
1967     51     0.00002
1967     52     0.00001
1967     53     0.00001
1967     54     0.00000
1967     55+    0.00000
1968     12-    0.00000
1968     13     0.00001
1968     14     0.00034
1968     15     0.00255
1968     16     0.01167
1968     17     0.03742
1968     18     0.07636
1968     19     0.11687
1968     20     0.14637
1968     21     0.16221
1968     22     0.16424
1968     23     0.15998
1968     24     0.15588
1968     25     0.15114
1968     26     0.14499
1968     27     0.13679
1968     28     0.12723
1968     29     0.11611
1968     30     0.10373
1968     31     0.09171
1968     32     0.07988
1968     33     0.07026
1968     34     0.06277
1968     35     0.05435
1968     36     0.04568
1968     37     0.03729
1968     38     0.03034
1968     39     0.02377
1968     40     0.01771
1968     41     0.01255
1968     42     0.00844
1968     43     0.00543
1968     44     0.00326
1968     45     0.00149
1968     46     0.00064
1968     47     0.00034
1968     48     0.00018
1968     49     0.00009
1968     50     0.00004
1968     51     0.00002
1968     52     0.00001
1968     53     0.00001
1968     54     0.00000
1968     55+    0.00000
1969     12-    0.00000
1969     13     0.00001
1969     14     0.00035
1969     15     0.00264
1969     16     0.01236
1969     17     0.03906
1969     18     0.07785
1969     19     0.11532
1969     20     0.13953
1969     21     0.15086
1969     22     0.15326
1969     23     0.14758
1969     24     0.14252
1969     25     0.13952
1969     26     0.13272
1969     27     0.12430
1969     28     0.11609
1969     29     0.10699
1969     30     0.09688
1969     31     0.08593
1969     32     0.07554
1969     33     0.06577
1969     34     0.05773
1969     35     0.05103
1969     36     0.04326
1969     37     0.03602
1969     38     0.02892
1969     39     0.02205
1969     40     0.01639
1969     41     0.01190
1969     42     0.00795
1969     43     0.00494
1969     44     0.00294
1969     45     0.00138
1969     46     0.00060
1969     47     0.00032
1969     48     0.00016
1969     49     0.00008
1969     50     0.00004
1969     51     0.00002
1969     52     0.00001
1969     53     0.00001
1969     54     0.00000
1969     55+    0.00000
1970     12-    0.00000
1970     13     0.00002
1970     14     0.00040
1970     15     0.00305
1970     16     0.01329
1970     17     0.03970
1970     18     0.07742
1970     19     0.11285
1970     20     0.13156
1970     21     0.13952
1970     22     0.14078
1970     23     0.13722
1970     24     0.13076
1970     25     0.12464
1970     26     0.11922
1970     27     0.11170
1970     28     0.10329
1970     29     0.09492
1970     30     0.08608
1970     31     0.07678
1970     32     0.06716
1970     33     0.05869
1970     34     0.05140
1970     35     0.04485
1970     36     0.03942
1970     37     0.03349
1970     38     0.02684
1970     39     0.02045
1970     40     0.01529
1970     41     0.01097
1970     42     0.00741
1970     43     0.00452
1970     44     0.00259
1970     45     0.00128
1970     46     0.00061
1970     47     0.00033
1970     48     0.00017
1970     49     0.00008
1970     50     0.00004
1970     51     0.00002
1970     52     0.00001
1970     53     0.00001
1970     54     0.00000
1970     55+    0.00000
1971     12-    0.00000
1971     13     0.00002
1971     14     0.00047
1971     15     0.00349
1971     16     0.01465
1971     17     0.04150
1971     18     0.07747
1971     19     0.10920
1971     20     0.12850
1971     21     0.13729
1971     22     0.13805
1971     23     0.13490
1971     24     0.13116
1971     25     0.12448
1971     26     0.11537
1971     27     0.10771
1971     28     0.09904
1971     29     0.08952
1971     30     0.08029
1971     31     0.07079
1971     32     0.06269
1971     33     0.05509
1971     34     0.04764
1971     35     0.04132
1971     36     0.03581
1971     37     0.03091
1971     38     0.02565
1971     39     0.01991
1971     40     0.01473
1971     41     0.01059
1971     42     0.00723
1971     43     0.00452
1971     44     0.00250
1971     45     0.00117
1971     46     0.00053
1971     47     0.00029
1971     48     0.00015
1971     49     0.00007
1971     50     0.00004
1971     51     0.00002
1971     52     0.00001
1971     53     0.00000
1971     54     0.00000
1971     55+    0.00000
1972     12-    0.00000
1972     13     0.00002
1972     14     0.00049
1972     15     0.00354
1972     16     0.01407
1972     17     0.03802
1972     18     0.06785
1972     19     0.09566
1972     20     0.11192
1972     21     0.11992
1972     22     0.12319
1972     23     0.12209
1972     24     0.11855
1972     25     0.11283
1972     26     0.10477
1972     27     0.09540
1972     28     0.08811
1972     29     0.07960
1972     30     0.06949
1972     31     0.06103
1972     32     0.05381
1972     33     0.04712
1972     34     0.04071
1972     35     0.03496
1972     36     0.02997
1972     37     0.02528
1972     38     0.02154
1972     39     0.01756
1972     40     0.01317
1972     41     0.00924
1972     42     0.00625
1972     43     0.00384
1972     44     0.00219
1972     45     0.00108
1972     46     0.00050
1972     47     0.00027
1972     48     0.00014
1972     49     0.00007
1972     50     0.00003
1972     51     0.00002
1972     52     0.00001
1972     53     0.00000
1972     54     0.00000
1972     55+    0.00000
1973     12-    0.00000
1973     13     0.00002
1973     14     0.00048
1973     15     0.00339
1973     16     0.01243
1973     17     0.03264
1973     18     0.05945
1973     19     0.08344
1973     20     0.09900
1973     21     0.10723
1973     22     0.11204
1973     23     0.11278
1973     24     0.11015
1973     25     0.10538
1973     26     0.09861
1973     27     0.08957
1973     28     0.07899
1973     29     0.07112
1973     30     0.06296
1973     31     0.05383
1973     32     0.04597
1973     33     0.03998
1973     34     0.03500
1973     35     0.03002
1973     36     0.02559
1973     37     0.02115
1973     38     0.01760
1973     39     0.01479
1973     40     0.01134
1973     41     0.00814
1973     42     0.00549
1973     43     0.00347
1973     44     0.00195
1973     45     0.00092
1973     46     0.00042
1973     47     0.00022
1973     48     0.00012
1973     49     0.00006
1973     50     0.00003
1973     51     0.00001
1973     52     0.00001
1973     53     0.00000
1973     54     0.00000
1973     55+    0.00000
1974     12-    0.00000
1974     13     0.00001
1974     14     0.00038
1974     15     0.00291
1974     16     0.01163
1974     17     0.03036
1974     18     0.05572
1974     19     0.07983
1974     20     0.09519
1974     21     0.10453
1974     22     0.10975
1974     23     0.11364
1974     24     0.11277
1974     25     0.10786
1974     26     0.10052
1974     27     0.09213
1974     28     0.08192
1974     29     0.07014
1974     30     0.06172
1974     31     0.05338
1974     32     0.04460
1974     33     0.03803
1974     34     0.03234
1974     35     0.02727
1974     36     0.02297
1974     37     0.01893
1974     38     0.01539
1974     39     0.01254
1974     40     0.01009
1974     41     0.00746
1974     42     0.00506
1974     43     0.00311
1974     44     0.00175
1974     45     0.00084
1974     46     0.00040
1974     47     0.00021
1974     48     0.00011
1974     49     0.00006
1974     50     0.00003
1974     51     0.00001
1974     52     0.00001
1974     53     0.00000
1974     54     0.00000
1974     55+    0.00000
1975     12-    0.00000
1975     13     0.00001
1975     14     0.00035
1975     15     0.00260
1975     16     0.00976
1975     17     0.02599
1975     18     0.04993
1975     19     0.07449
1975     20     0.08994
1975     21     0.09979
1975     22     0.10789
1975     23     0.11077
1975     24     0.11222
1975     25     0.10940
1975     26     0.10153
1975     27     0.09245
1975     28     0.08275
1975     29     0.07269
1975     30     0.06141
1975     31     0.05184
1975     32     0.04421
1975     33     0.03664
1975     34     0.03008
1975     35     0.02509
1975     36     0.02088
1975     37     0.01697
1975     38     0.01374
1975     39     0.01092
1975     40     0.00840
1975     41     0.00646
1975     42     0.00452
1975     43     0.00280
1975     44     0.00157
1975     45     0.00076
1975     46     0.00035
1975     47     0.00019
1975     48     0.00010
1975     49     0.00005
1975     50     0.00003
1975     51     0.00001
1975     52     0.00001
1975     53     0.00000
1975     54     0.00000
1975     55+    0.00000
1976     12-    0.00000
1976     13     0.00001
1976     14     0.00031
1976     15     0.00237
1976     16     0.00913
1976     17     0.02395
1976     18     0.04727
1976     19     0.07285
1976     20     0.09104
1976     21     0.10213
1976     22     0.10966
1976     23     0.11558
1976     24     0.11606
1976     25     0.11278
1976     26     0.10701
1976     27     0.09743
1976     28     0.08675
1976     29     0.07636
1976     30     0.06488
1976     31     0.05320
1976     32     0.04487
1976     33     0.03743
1976     34     0.02998
1976     35     0.02419
1976     36     0.01964
1976     37     0.01603
1976     38     0.01309
1976     39     0.01006
1976     40     0.00749
1976     41     0.00553
1976     42     0.00398
1976     43     0.00266
1976     44     0.00153
1976     45     0.00070
1976     46     0.00033
1976     47     0.00018
1976     48     0.00009
1976     49     0.00005
1976     50     0.00002
1976     51     0.00001
1976     52     0.00001
1976     53     0.00000
1976     54     0.00000
1976     55+    0.00000
1977     12-    0.00000
1977     13     0.00001
1977     14     0.00027
1977     15     0.00208
1977     16     0.00828
1977     17     0.02264
1977     18     0.04456
1977     19     0.06921
1977     20     0.08842
1977     21     0.10265
1977     22     0.11092
1977     23     0.11647
1977     24     0.11887
1977     25     0.11548
1977     26     0.10971
1977     27     0.10075
1977     28     0.08998
1977     29     0.07826
1977     30     0.06670
1977     31     0.05571
1977     32     0.04428
1977     33     0.03646
1977     34     0.03030
1977     35     0.02368
1977     36     0.01871
1977     37     0.01505
1977     38     0.01183
1977     39     0.00911
1977     40     0.00676
1977     41     0.00479
1977     42     0.00336
1977     43     0.00233
1977     44     0.00143
1977     45     0.00071
1977     46     0.00033
1977     47     0.00018
1977     48     0.00009
1977     49     0.00005
1977     50     0.00002
1977     51     0.00001
1977     52     0.00001
1977     53     0.00000
1977     54     0.00000
1977     55+    0.00000
1978     12-    0.00000
1978     13     0.00001
1978     14     0.00025
1978     15     0.00191
1978     16     0.00754
1978     17     0.02124
1978     18     0.04374
1978     19     0.06767
1978     20     0.08593
1978     21     0.09969
1978     22     0.11082
1978     23     0.11571
1978     24     0.11678
1978     25     0.11622
1978     26     0.11009
1978     27     0.10114
1978     28     0.09166
1978     29     0.08076
1978     30     0.06830
1978     31     0.05653
1978     32     0.04686
1978     33     0.03680
1978     34     0.02947
1978     35     0.02375
1978     36     0.01818
1978     37     0.01396
1978     38     0.01082
1978     39     0.00830
1978     40     0.00598
1978     41     0.00418
1978     42     0.00291
1978     43     0.00180
1978     44     0.00114
1978     45     0.00062
1978     46     0.00029
1978     47     0.00016
1978     48     0.00008
1978     49     0.00004
1978     50     0.00002
1978     51     0.00001
1978     52     0.00001
1978     53     0.00000
1978     54     0.00000
1978     55+    0.00000
1979     12-    0.00000
1979     13     0.00001
1979     14     0.00030
1979     15     0.00190
1979     16     0.00711
1979     17     0.01991
1979     18     0.04105
1979     19     0.06689
1979     20     0.08491
1979     21     0.09716
1979     22     0.10754
1979     23     0.11490
1979     24     0.11676
1979     25     0.11494
1979     26     0.11009
1979     27     0.10218
1979     28     0.09260
1979     29     0.08237
1979     30     0.07089
1979     31     0.05868
1979     32     0.04788
1979     33     0.03894
1979     34     0.03024
1979     35     0.02365
1979     36     0.01867
1979     37     0.01394
1979     38     0.01051
1979     39     0.00788
1979     40     0.00571
1979     41     0.00394
1979     42     0.00250
1979     43     0.00158
1979     44     0.00095
1979     45     0.00055
1979     46     0.00031
1979     47     0.00018
1979     48     0.00010
1979     49     0.00005
1979     50     0.00003
1979     51     0.00001
1979     52     0.00001
1979     53     0.00000
1979     54     0.00000
1979     55+    0.00000
1980     12-    0.00000
1980     13     0.00001
1980     14     0.00029
1980     15     0.00202
1980     16     0.00718
1980     17     0.01951
1980     18     0.04172
1980     19     0.06868
1980     20     0.08934
1980     21     0.10175
1980     22     0.11051
1980     23     0.11757
1980     24     0.12146
1980     25     0.12026
1980     26     0.11451
1980     27     0.10672
1980     28     0.09653
1980     29     0.08545
1980     30     0.07428
1980     31     0.06255
1980     32     0.05117
1980     33     0.04116
1980     34     0.03339
1980     35     0.02556
1980     36     0.01957
1980     37     0.01519
1980     38     0.01091
1980     39     0.00782
1980     40     0.00559
1980     41     0.00385
1980     42     0.00258
1980     43     0.00157
1980     44     0.00091
1980     45     0.00051
1980     46     0.00030
1980     47     0.00018
1980     48     0.00010
1980     49     0.00005
1980     50     0.00003
1980     51     0.00001
1980     52     0.00001
1980     53     0.00000
1980     54     0.00000
1980     55+    0.00000
1981     12-    0.00000
1981     13     0.00001
1981     14     0.00024
1981     15     0.00174
1981     16     0.00644
1981     17     0.01734
1981     18     0.03779
1981     19     0.06421
1981     20     0.08429
1981     21     0.09813
1981     22     0.10749
1981     23     0.11336
1981     24     0.11783
1981     25     0.11893
1981     26     0.11323
1981     27     0.10477
1981     28     0.09599
1981     29     0.08535
1981     30     0.07400
1981     31     0.06344
1981     32     0.05266
1981     33     0.04213
1981     34     0.03398
1981     35     0.02693
1981     36     0.01987
1981     37     0.01485
1981     38     0.01115
1981     39     0.00795
1981     40     0.00555
1981     41     0.00381
1981     42     0.00249
1981     43     0.00151
1981     44     0.00088
1981     45     0.00050
1981     46     0.00028
1981     47     0.00017
1981     48     0.00009
1981     49     0.00005
1981     50     0.00003
1981     51     0.00001
1981     52     0.00001
1981     53     0.00000
1981     54     0.00000
1981     55+    0.00000
1982     12-    0.00000
1982     13     0.00001
1982     14     0.00025
1982     15     0.00164
1982     16     0.00574
1982     17     0.01605
1982     18     0.03487
1982     19     0.05947
1982     20     0.08027
1982     21     0.09426
1982     22     0.10495
1982     23     0.11176
1982     24     0.11620
1982     25     0.11715
1982     26     0.11339
1982     27     0.10541
1982     28     0.09578
1982     29     0.08598
1982     30     0.07423
1982     31     0.06262
1982     32     0.05243
1982     33     0.04247
1982     34     0.03410
1982     35     0.02687
1982     36     0.02076
1982     37     0.01520
1982     38     0.01112
1982     39     0.00813
1982     40     0.00542
1982     41     0.00358
1982     42     0.00235
1982     43     0.00142
1982     44     0.00085
1982     45     0.00045
1982     46     0.00023
1982     47     0.00013
1982     48     0.00007
1982     49     0.00004
1982     50     0.00002
1982     51     0.00001
1982     52     0.00001
1982     53     0.00000
1982     54     0.00000
1982     55+    0.00000
1983     12-    0.00000
1983     13     0.00001
1983     14     0.00024
1983     15     0.00139
1983     16     0.00474
1983     17     0.01339
1983     18     0.03015
1983     19     0.05268
1983     20     0.07198
1983     21     0.08621
1983     22     0.09795
1983     23     0.10687
1983     24     0.11175
1983     25     0.11279
1983     26     0.10928
1983     27     0.10216
1983     28     0.09253
1983     29     0.08241
1983     30     0.07187
1983     31     0.06056
1983     32     0.05060
1983     33     0.04162
1983     34     0.03350
1983     35     0.02633
1983     36     0.02033
1983     37     0.01553
1983     38     0.01076
1983     39     0.00761
1983     40     0.00543
1983     41     0.00351
1983     42     0.00219
1983     43     0.00132
1983     44     0.00078
1983     45     0.00041
1983     46     0.00021
1983     47     0.00012
1983     48     0.00007
1983     49     0.00004
1983     50     0.00002
1983     51     0.00001
1983     52     0.00001
1983     53     0.00000
1983     54     0.00000
1983     55+    0.00000
1984     12-    0.00000
1984     13     0.00001
1984     14     0.00024
1984     15     0.00141
1984     16     0.00457
1984     17     0.01203
1984     18     0.02704
1984     19     0.04816
1984     20     0.06547
1984     21     0.07909
1984     22     0.09110
1984     23     0.10036
1984     24     0.10732
1984     25     0.11031
1984     26     0.10783
1984     27     0.10171
1984     28     0.09310
1984     29     0.08249
1984     30     0.07221
1984     31     0.06136
1984     32     0.05035
1984     33     0.04128
1984     34     0.03384
1984     35     0.02701
1984     36     0.02076
1984     37     0.01545
1984     38     0.01131
1984     39     0.00767
1984     40     0.00530
1984     41     0.00351
1984     42     0.00209
1984     43     0.00123
1984     44     0.00071
1984     45     0.00036
1984     46     0.00018
1984     47     0.00010
1984     48     0.00006
1984     49     0.00003
1984     50     0.00002
1984     51     0.00001
1984     52     0.00001
1984     53     0.00000
1984     54     0.00000
1984     55+    0.00000
1985     12-    0.00000
1985     13     0.00001
1985     14     0.00026
1985     15     0.00147
1985     16     0.00443
1985     17     0.01145
1985     18     0.02521
1985     19     0.04399
1985     20     0.06065
1985     21     0.07379
1985     22     0.08610
1985     23     0.09700
1985     24     0.10503
1985     25     0.10932
1985     26     0.10844
1985     27     0.10257
1985     28     0.09415
1985     29     0.08486
1985     30     0.07407
1985     31     0.06271
1985     32     0.05220
1985     33     0.04267
1985     34     0.03473
1985     35     0.02789
1985     36     0.02138
1985     37     0.01579
1985     38     0.01141
1985     39     0.00817
1985     40     0.00539
1985     41     0.00356
1985     42     0.00224
1985     43     0.00127
1985     44     0.00071
1985     45     0.00034
1985     46     0.00017
1985     47     0.00010
1985     48     0.00006
1985     49     0.00003
1985     50     0.00002
1985     51     0.00001
1985     52     0.00000
1985     53     0.00000
1985     54     0.00000
1985     55+    0.00000
1986     12-    0.00000
1986     13     0.00001
1986     14     0.00025
1986     15     0.00143
1986     16     0.00452
1986     17     0.01125
1986     18     0.02405
1986     19     0.04217
1986     20     0.05822
1986     21     0.07171
1986     22     0.08442
1986     23     0.09579
1986     24     0.10620
1986     25     0.11238
1986     26     0.11212
1986     27     0.10806
1986     28     0.10025
1986     29     0.09057
1986     30     0.07976
1986     31     0.06767
1986     32     0.05613
1986     33     0.04554
1986     34     0.03673
1986     35     0.02918
1986     36     0.02287
1986     37     0.01722
1986     38     0.01231
1986     39     0.00882
1986     40     0.00594
1986     41     0.00372
1986     42     0.00226
1986     43     0.00132
1986     44     0.00068
1986     45     0.00030
1986     46     0.00016
1986     47     0.00010
1986     48     0.00006
1986     49     0.00003
1986     50     0.00002
1986     51     0.00001
1986     52     0.00001
1986     53     0.00000
1986     54     0.00000
1986     55+    0.00000
1987     12-    0.00000
1987     13     0.00001
1987     14     0.00026
1987     15     0.00151
1987     16     0.00470
1987     17     0.01164
1987     18     0.02389
1987     19     0.04085
1987     20     0.05637
1987     21     0.06958
1987     22     0.08222
1987     23     0.09454
1987     24     0.10508
1987     25     0.11122
1987     26     0.11286
1987     27     0.11028
1987     28     0.10323
1987     29     0.09355
1987     30     0.08263
1987     31     0.07111
1987     32     0.05910
1987     33     0.04852
1987     34     0.03954
1987     35     0.03102
1987     36     0.02392
1987     37     0.01811
1987     38     0.01311
1987     39     0.00923
1987     40     0.00642
1987     41     0.00424
1987     42     0.00241
1987     43     0.00130
1987     44     0.00071
1987     45     0.00035
1987     46     0.00018
1987     47     0.00010
1987     48     0.00006
1987     49     0.00003
1987     50     0.00002
1987     51     0.00001
1987     52     0.00001
1987     53     0.00000
1987     54     0.00000
1987     55+    0.00000
1988     12-    0.00000
1988     13     0.00001
1988     14     0.00033
1988     15     0.00181
1988     16     0.00510
1988     17     0.01213
1988     18     0.02490
1988     19     0.04109
1988     20     0.05475
1988     21     0.06709
1988     22     0.08009
1988     23     0.09279
1988     24     0.10429
1988     25     0.11288
1988     26     0.11529
1988     27     0.11213
1988     28     0.10583
1988     29     0.09758
1988     30     0.08705
1988     31     0.07492
1988     32     0.06270
1988     33     0.05121
1988     34     0.04157
1988     35     0.03275
1988     36     0.02479
1988     37     0.01867
1988     38     0.01386
1988     39     0.00979
1988     40     0.00655
1988     41     0.00427
1988     42     0.00268
1988     43     0.00139
1988     44     0.00074
1988     45     0.00036
1988     46     0.00017
1988     47     0.00010
1988     48     0.00005
1988     49     0.00003
1988     50     0.00002
1988     51     0.00001
1988     52     0.00001
1988     53     0.00000
1988     54     0.00000
1988     55+    0.00000
1989     12-    0.00000
1989     13     0.00001
1989     14     0.00030
1989     15     0.00173
1989     16     0.00482
1989     17     0.01056
1989     18     0.02132
1989     19     0.03692
1989     20     0.05073
1989     21     0.06157
1989     22     0.07286
1989     23     0.08645
1989     24     0.09892
1989     25     0.10875
1989     26     0.11280
1989     27     0.11051
1989     28     0.10557
1989     29     0.09727
1989     30     0.08713
1989     31     0.07526
1989     32     0.06349
1989     33     0.05237
1989     34     0.04207
1989     35     0.03382
1989     36     0.02638
1989     37     0.01976
1989     38     0.01408
1989     39     0.01009
1989     40     0.00705
1989     41     0.00438
1989     42     0.00270
1989     43     0.00164
1989     44     0.00080
1989     45     0.00038
1989     46     0.00020
1989     47     0.00011
1989     48     0.00006
1989     49     0.00003
1989     50     0.00002
1989     51     0.00001
1989     52     0.00001
1989     53     0.00000
1989     54     0.00000
1989     55+    0.00000
1990     12-    0.00000
1990     13     0.00012
1990     14     0.00061
1990     15     0.00173
1990     16     0.00561
1990     17     0.01325
1990     18     0.02646
1990     19     0.04288
1990     20     0.05624
1990     21     0.06484
1990     22     0.07361
1990     23     0.08498
1990     24     0.09716
1990     25     0.10658
1990     26     0.11076
1990     27     0.11052
1990     28     0.10631
1990     29     0.09849
1990     30     0.08871
1990     31     0.07736
1990     32     0.06566
1990     33     0.05435
1990     34     0.04429
1990     35     0.03499
1990     36     0.02628
1990     37     0.01991
1990     38     0.01457
1990     39     0.01040
1990     40     0.00723
1990     41     0.00458
1990     42     0.00276
1990     43     0.00161
1990     44     0.00093
1990     45     0.00042
1990     46     0.00019
1990     47     0.00012
1990     48     0.00008
1990     49     0.00003
1990     50     0.00001
1990     51     0.00000
1990     52     0.00000
1990     53     0.00000
1990     54     0.00000
1990     55+    0.00000
1991     12-    0.00001
1991     13     0.00009
1991     14     0.00040
1991     15     0.00190
1991     16     0.00588
1991     17     0.01347
1991     18     0.02588
1991     19     0.04006
1991     20     0.05132
1991     21     0.05871
1991     22     0.06440
1991     23     0.07165
1991     24     0.08126
1991     25     0.09161
1991     26     0.09855
1991     27     0.10018
1991     28     0.09742
1991     29     0.09195
1991     30     0.08401
1991     31     0.07349
1991     32     0.06292
1991     33     0.05241
1991     34     0.04278
1991     35     0.03418
1991     36     0.02660
1991     37     0.01995
1991     38     0.01444
1991     39     0.01027
1991     40     0.00718
1991     41     0.00467
1991     42     0.00280
1991     43     0.00160
1991     44     0.00082
1991     45     0.00042
1991     46     0.00018
1991     47     0.00009
1991     48     0.00006
1991     49     0.00004
1991     50     0.00002
1991     51     0.00001
1991     52     0.00001
1991     53     0.00000
1991     54     0.00000
1991     55+    0.00000
1992     12-    0.00001
1992     13     0.00011
1992     14     0.00043
1992     15     0.00183
1992     16     0.00559
1992     17     0.01293
1992     18     0.02472
1992     19     0.03760
1992     20     0.04779
1992     21     0.05568
1992     22     0.06216
1992     23     0.06845
1992     24     0.07616
1992     25     0.08544
1992     26     0.09345
1992     27     0.09717
1992     28     0.09584
1992     29     0.09091
1992     30     0.08351
1992     31     0.07435
1992     32     0.06320
1992     33     0.05283
1992     34     0.04376
1992     35     0.03486
1992     36     0.02695
1992     37     0.02025
1992     38     0.01488
1992     39     0.01073
1992     40     0.00730
1992     41     0.00465
1992     42     0.00290
1992     43     0.00165
1992     44     0.00084
1992     45     0.00040
1992     46     0.00020
1992     47     0.00010
1992     48     0.00006
1992     49     0.00004
1992     50     0.00003
1992     51     0.00002
1992     52     0.00001
1992     53     0.00001
1992     54     0.00000
1992     55+    0.00000
1993     12-    0.00000
1993     13     0.00008
1993     14     0.00048
1993     15     0.00170
1993     16     0.00488
1993     17     0.01141
1993     18     0.02203
1993     19     0.03476
1993     20     0.04558
1993     21     0.05290
1993     22     0.05953
1993     23     0.06663
1993     24     0.07477
1993     25     0.08337
1993     26     0.09088
1993     27     0.09633
1993     28     0.09615
1993     29     0.09262
1993     30     0.08591
1993     31     0.07478
1993     32     0.06391
1993     33     0.05383
1993     34     0.04434
1993     35     0.03547
1993     36     0.02745
1993     37     0.02045
1993     38     0.01486
1993     39     0.01065
1993     40     0.00720
1993     41     0.00459
1993     42     0.00287
1993     43     0.00164
1993     44     0.00088
1993     45     0.00043
1993     46     0.00020
1993     47     0.00009
1993     48     0.00004
1993     49     0.00004
1993     50     0.00003
1993     51     0.00002
1993     52     0.00001
1993     53     0.00001
1993     54     0.00000
1993     55+    0.00000
1994     12-    0.00000
1994     13     0.00008
1994     14     0.00040
1994     15     0.00174
1994     16     0.00479
1994     17     0.01034
1994     18     0.01955
1994     19     0.03181
1994     20     0.04315
1994     21     0.05183
1994     22     0.05804
1994     23     0.06447
1994     24     0.07166
1994     25     0.07906
1994     26     0.08579
1994     27     0.09118
1994     28     0.09373
1994     29     0.09174
1994     30     0.08455
1994     31     0.07446
1994     32     0.06410
1994     33     0.05389
1994     34     0.04403
1994     35     0.03528
1994     36     0.02761
1994     37     0.02085
1994     38     0.01530
1994     39     0.01093
1994     40     0.00739
1994     41     0.00477
1994     42     0.00286
1994     43     0.00165
1994     44     0.00088
1994     45     0.00044
1994     46     0.00020
1994     47     0.00007
1994     48     0.00004
1994     49     0.00003
1994     50     0.00003
1994     51     0.00002
1994     52     0.00001
1994     53     0.00001
1994     54     0.00000
1994     55+    0.00000
1995     12-    0.00001
1995     13     0.00009
1995     14     0.00037
1995     15     0.00157
1995     16     0.00462
1995     17     0.00983
1995     18     0.01841
1995     19     0.02980
1995     20     0.04104
1995     21     0.05088
1995     22     0.05802
1995     23     0.06375
1995     24     0.07108
1995     25     0.07903
1995     26     0.08535
1995     27     0.09053
1995     28     0.09386
1995     29     0.09264
1995     30     0.08642
1995     31     0.07723
1995     32     0.06670
1995     33     0.05574
1995     34     0.04607
1995     35     0.03709
1995     36     0.02856
1995     37     0.02160
1995     38     0.01610
1995     39     0.01126
1995     40     0.00750
1995     41     0.00482
1995     42     0.00291
1995     43     0.00161
1995     44     0.00090
1995     45     0.00044
1995     46     0.00017
1995     47     0.00007
1995     48     0.00004
1995     49     0.00003
1995     50     0.00003
1995     51     0.00002
1995     52     0.00001
1995     53     0.00001
1995     54     0.00000
1995     55+    0.00000
1996     12-    0.00001
1996     13     0.00011
1996     14     0.00047
1996     15     0.00173
1996     16     0.00474
1996     17     0.01012
1996     18     0.01881
1996     19     0.03004
1996     20     0.04158
1996     21     0.05264
1996     22     0.06186
1996     23     0.06870
1996     24     0.07489
1996     25     0.08303
1996     26     0.09003
1996     27     0.09438
1996     28     0.09764
1996     29     0.09744
1996     30     0.09253
1996     31     0.08343
1996     32     0.07182
1996     33     0.05985
1996     34     0.04904
1996     35     0.03985
1996     36     0.03098
1996     37     0.02323
1996     38     0.01710
1996     39     0.01232
1996     40     0.00830
1996     41     0.00520
1996     42     0.00307
1996     43     0.00172
1996     44     0.00089
1996     45     0.00040
1996     46     0.00019
1996     47     0.00008
1996     48     0.00003
1996     49     0.00003
1996     50     0.00002
1996     51     0.00001
1996     52     0.00001
1996     53     0.00000
1996     54     0.00000
1996     55+    0.00000
1997     12-    0.00000
1997     13     0.00008
1997     14     0.00040
1997     15     0.00157
1997     16     0.00460
1997     17     0.01022
1997     18     0.01900
1997     19     0.02987
1997     20     0.04064
1997     21     0.05190
1997     22     0.06188
1997     23     0.07006
1997     24     0.07802
1997     25     0.08496
1997     26     0.09201
1997     27     0.09789
1997     28     0.10046
1997     29     0.10046
1997     30     0.09704
1997     31     0.08886
1997     32     0.07671
1997     33     0.06423
1997     34     0.05339
1997     35     0.04320
1997     36     0.03373
1997     37     0.02542
1997     38     0.01877
1997     39     0.01331
1997     40     0.00902
1997     41     0.00578
1997     42     0.00346
1997     43     0.00186
1997     44     0.00093
1997     45     0.00044
1997     46     0.00022
1997     47     0.00012
1997     48     0.00004
1997     49     0.00002
1997     50     0.00003
1997     51     0.00002
1997     52     0.00001
1997     53     0.00001
1997     54     0.00000
1997     55+    0.00000
1998     12-    0.00000
1998     13     0.00002
1998     14     0.00036
1998     15     0.00175
1998     16     0.00448
1998     17     0.01020
1998     18     0.01908
1998     19     0.03022
1998     20     0.04094
1998     21     0.05036
1998     22     0.05980
1998     23     0.06873
1998     24     0.07691
1998     25     0.08432
1998     26     0.08964
1998     27     0.09425
1998     28     0.09783
1998     29     0.09871
1998     30     0.09506
1998     31     0.08763
1998     32     0.07774
1998     33     0.06594
1998     34     0.05457
1998     35     0.04419
1998     36     0.03439
1998     37     0.02594
1998     38     0.01893
1998     39     0.01358
1998     40     0.00927
1998     41     0.00583
1998     42     0.00343
1998     43     0.00190
1998     44     0.00101
1998     45     0.00046
1998     46     0.00018
1998     47     0.00011
1998     48     0.00006
1998     49     0.00003
1998     50     0.00002
1998     51     0.00002
1998     52     0.00001
1998     53     0.00000
1998     54     0.00000
1998     55+    0.00000
1999     12-    0.00000
1999     13     0.00002
1999     14     0.00036
1999     15     0.00181
1999     16     0.00463
1999     17     0.01018
1999     18     0.01907
1999     19     0.03000
1999     20     0.04044
1999     21     0.04996
1999     22     0.05874
1999     23     0.06674
1999     24     0.07587
1999     25     0.08484
1999     26     0.09037
1999     27     0.09375
1999     28     0.09735
1999     29     0.09798
1999     30     0.09483
1999     31     0.08875
1999     32     0.07903
1999     33     0.06800
1999     34     0.05682
1999     35     0.04589
1999     36     0.03565
1999     37     0.02652
1999     38     0.01974
1999     39     0.01430
1999     40     0.00960
1999     41     0.00622
1999     42     0.00381
1999     43     0.00202
1999     44     0.00094
1999     45     0.00044
1999     46     0.00018
1999     47     0.00009
1999     48     0.00007
1999     49     0.00003
1999     50     0.00002
1999     51     0.00001
1999     52     0.00001
1999     53     0.00000
1999     54     0.00000
1999     55+    0.00000
2000     12-    0.00000
2000     13     0.00004
2000     14     0.00046
2000     15     0.00176
2000     16     0.00472
2000     17     0.01036
2000     18     0.01945
2000     19     0.03065
2000     20     0.04073
2000     21     0.05004
2000     22     0.05848
2000     23     0.06628
2000     24     0.07506
2000     25     0.08468
2000     26     0.09137
2000     27     0.09554
2000     28     0.09795
2000     29     0.09864
2000     30     0.09596
2000     31     0.09001
2000     32     0.08130
2000     33     0.07078
2000     34     0.05957
2000     35     0.04800
2000     36     0.03742
2000     37     0.02835
2000     38     0.02108
2000     39     0.01535
2000     40     0.01037
2000     41     0.00646
2000     42     0.00395
2000     43     0.00220
2000     44     0.00105
2000     45     0.00049
2000     46     0.00019
2000     47     0.00007
2000     48     0.00004
2000     49     0.00003
2000     50     0.00002
2000     51     0.00001
2000     52     0.00000
2000     53     0.00000
2000     54     0.00000
2000     55+    0.00000
2001     12-    0.00000
2001     13     0.00006
2001     14     0.00055
2001     15     0.00191
2001     16     0.00517
2001     17     0.01073
2001     18     0.01941
2001     19     0.03002
2001     20     0.03951
2001     21     0.04833
2001     22     0.05628
2001     23     0.06377
2001     24     0.07163
2001     25     0.07983
2001     26     0.08698
2001     27     0.09178
2001     28     0.09490
2001     29     0.09570
2001     30     0.09325
2001     31     0.08787
2001     32     0.08000
2001     33     0.07047
2001     34     0.05985
2001     35     0.04904
2001     36     0.03848
2001     37     0.02919
2001     38     0.02142
2001     39     0.01526
2001     40     0.01051
2001     41     0.00655
2001     42     0.00392
2001     43     0.00216
2001     44     0.00111
2001     45     0.00054
2001     46     0.00025
2001     47     0.00009
2001     48     0.00002
2001     49     0.00002
2001     50     0.00002
2001     51     0.00002
2001     52     0.00001
2001     53     0.00001
2001     54     0.00000
2001     55+    0.00000
2002     12-    0.00000
2002     13     0.00006
2002     14     0.00055
2002     15     0.00193
2002     16     0.00527
2002     17     0.01068
2002     18     0.01844
2002     19     0.02820
2002     20     0.03760
2002     21     0.04612
2002     22     0.05382
2002     23     0.06184
2002     24     0.06947
2002     25     0.07726
2002     26     0.08425
2002     27     0.09031
2002     28     0.09471
2002     29     0.09573
2002     30     0.09372
2002     31     0.08864
2002     32     0.08082
2002     33     0.07175
2002     34     0.06186
2002     35     0.05132
2002     36     0.04072
2002     37     0.03064
2002     38     0.02233
2002     39     0.01621
2002     40     0.01111
2002     41     0.00700
2002     42     0.00411
2002     43     0.00235
2002     44     0.00123
2002     45     0.00053
2002     46     0.00022
2002     47     0.00010
2002     48     0.00006
2002     49     0.00003
2002     50     0.00001
2002     51     0.00001
2002     52     0.00001
2002     53     0.00000
2002     54     0.00000
2002     55+    0.00000
2003     12-    0.00000
2003     13     0.00005
2003     14     0.00048
2003     15     0.00175
2003     16     0.00491
2003     17     0.01007
2003     18     0.01773
2003     19     0.02689
2003     20     0.03551
2003     21     0.04435
2003     22     0.05220
2003     23     0.05919
2003     24     0.06781
2003     25     0.07654
2003     26     0.08344
2003     27     0.08934
2003     28     0.09413
2003     29     0.09616
2003     30     0.09485
2003     31     0.08966
2003     32     0.08239
2003     33     0.07328
2003     34     0.06371
2003     35     0.05359
2003     36     0.04239
2003     37     0.03222
2003     38     0.02377
2003     39     0.01698
2003     40     0.01152
2003     41     0.00725
2003     42     0.00435
2003     43     0.00242
2003     44     0.00120
2003     45     0.00057
2003     46     0.00027
2003     47     0.00011
2003     48     0.00006
2003     49     0.00002
2003     50     0.00001
2003     51     0.00001
2003     52     0.00001
2003     53     0.00000
2003     54     0.00000
2003     55+    0.00000
2004     12-    0.00000
2004     13     0.00006
2004     14     0.00047
2004     15     0.00167
2004     16     0.00453
2004     17     0.00933
2004     18     0.01669
2004     19     0.02569
2004     20     0.03413
2004     21     0.04257
2004     22     0.05040
2004     23     0.05860
2004     24     0.06746
2004     25     0.07581
2004     26     0.08338
2004     27     0.08933
2004     28     0.09443
2004     29     0.09723
2004     30     0.09672
2004     31     0.09298
2004     32     0.08597
2004     33     0.07709
2004     34     0.06677
2004     35     0.05616
2004     36     0.04520
2004     37     0.03455
2004     38     0.02578
2004     39     0.01868
2004     40     0.01240
2004     41     0.00768
2004     42     0.00456
2004     43     0.00252
2004     44     0.00129
2004     45     0.00062
2004     46     0.00026
2004     47     0.00012
2004     48     0.00006
2004     49     0.00002
2004     50     0.00001
2004     51     0.00001
2004     52     0.00001
2004     53     0.00000
2004     54     0.00000
2004     55+    0.00000
2005     12-    0.00000
2005     13     0.00005
2005     14     0.00046
2005     15     0.00160
2005     16     0.00435
2005     17     0.00874
2005     18     0.01570
2005     19     0.02522
2005     20     0.03367
2005     21     0.04070
2005     22     0.04792
2005     23     0.05576
2005     24     0.06415
2005     25     0.07310
2005     26     0.08122
2005     27     0.08707
2005     28     0.09140
2005     29     0.09476
2005     30     0.09591
2005     31     0.09302
2005     32     0.08619
2005     33     0.07770
2005     34     0.06758
2005     35     0.05703
2005     36     0.04603
2005     37     0.03574
2005     38     0.02712
2005     39     0.01966
2005     40     0.01310
2005     41     0.00810
2005     42     0.00491
2005     43     0.00274
2005     44     0.00135
2005     45     0.00063
2005     46     0.00029
2005     47     0.00016
2005     48     0.00009
2005     49     0.00003
2005     50     0.00001
2005     51     0.00001
2005     52     0.00001
2005     53     0.00001
2005     54     0.00000
2005     55+    0.00000
2006     12-    0.00000
2006     13     0.00005
2006     14     0.00044
2006     15     0.00157
2006     16     0.00415
2006     17     0.00820
2006     18     0.01484
2006     19     0.02396
2006     20     0.03204
2006     21     0.03917
2006     22     0.04602
2006     23     0.05341
2006     24     0.06189
2006     25     0.07100
2006     26     0.07889
2006     27     0.08550
2006     28     0.09088
2006     29     0.09441
2006     30     0.09562
2006     31     0.09293
2006     32     0.08698
2006     33     0.07835
2006     34     0.06873
2006     35     0.05878
2006     36     0.04760
2006     37     0.03722
2006     38     0.02855
2006     39     0.02088
2006     40     0.01422
2006     41     0.00888
2006     42     0.00529
2006     43     0.00294
2006     44     0.00150
2006     45     0.00074
2006     46     0.00031
2006     47     0.00011
2006     48     0.00006
2006     49     0.00004
2006     50     0.00002
2006     51     0.00002
2006     52     0.00001
2006     53     0.00001
2006     54     0.00000
2006     55+    0.00000
2007     12-    0.00000
2007     13     0.00005
2007     14     0.00047
2007     15     0.00157
2007     16     0.00397
2007     17     0.00788
2007     18     0.01444
2007     19     0.02292
2007     20     0.03082
2007     21     0.03796
2007     22     0.04522
2007     23     0.05218
2007     24     0.06047
2007     25     0.07030
2007     26     0.07939
2007     27     0.08681
2007     28     0.09279
2007     29     0.09735
2007     30     0.09888
2007     31     0.09652
2007     32     0.09184
2007     33     0.08443
2007     34     0.07455
2007     35     0.06384
2007     36     0.05229
2007     37     0.04058
2007     38     0.03071
2007     39     0.02267
2007     40     0.01561
2007     41     0.00988
2007     42     0.00569
2007     43     0.00313
2007     44     0.00162
2007     45     0.00074
2007     46     0.00034
2007     47     0.00018
2007     48     0.00009
2007     49     0.00004
2007     50     0.00003
2007     51     0.00002
2007     52     0.00001
2007     53     0.00001
2007     54     0.00000
2007     55+    0.00000
2008     12-    0.00000
2008     13     0.00005
2008     14     0.00043
2008     15     0.00157
2008     16     0.00414
2008     17     0.00794
2008     18     0.01360
2008     19     0.02188
2008     20     0.02951
2008     21     0.03607
2008     22     0.04285
2008     23     0.05043
2008     24     0.05882
2008     25     0.06830
2008     26     0.07759
2008     27     0.08578
2008     28     0.09233
2008     29     0.09721
2008     30     0.09980
2008     31     0.09856
2008     32     0.09396
2008     33     0.08659
2008     34     0.07762
2008     35     0.06729
2008     36     0.05480
2008     37     0.04309
2008     38     0.03297
2008     39     0.02447
2008     40     0.01705
2008     41     0.01069
2008     42     0.00627
2008     43     0.00342
2008     44     0.00176
2008     45     0.00085
2008     46     0.00037
2008     47     0.00017
2008     48     0.00009
2008     49     0.00005
2008     50     0.00003
2008     51     0.00002
2008     52     0.00001
2008     53     0.00001
2008     54     0.00000
2008     55+    0.00000
2009     12-    0.00000
2009     13     0.00004
2009     14     0.00036
2009     15     0.00133
2009     16     0.00371
2009     17     0.00730
2009     18     0.01296
2009     19     0.02018
2009     20     0.02722
2009     21     0.03384
2009     22     0.04045
2009     23     0.04774
2009     24     0.05654
2009     25     0.06587
2009     26     0.07476
2009     27     0.08278
2009     28     0.08970
2009     29     0.09527
2009     30     0.09823
2009     31     0.09741
2009     32     0.09320
2009     33     0.08707
2009     34     0.07811
2009     35     0.06778
2009     36     0.05635
2009     37     0.04445
2009     38     0.03414
2009     39     0.02523
2009     40     0.01764
2009     41     0.01117
2009     42     0.00652
2009     43     0.00366
2009     44     0.00190
2009     45     0.00089
2009     46     0.00038
2009     47     0.00019
2009     48     0.00011
2009     49     0.00006
2009     50     0.00004
2009     51     0.00003
2009     52     0.00002
2009     53     0.00001
2009     54     0.00000
2009     55+    0.00000
2010     12-    0.00000
2010     13     0.00004
2010     14     0.00035
2010     15     0.00129
2010     16     0.00362
2010     17     0.00716
2010     18     0.01288
2010     19     0.01991
2010     20     0.02622
2010     21     0.03289
2010     22     0.03950
2010     23     0.04686
2010     24     0.05598
2010     25     0.06614
2010     26     0.07520
2010     27     0.08383
2010     28     0.09156
2010     29     0.09735
2010     30     0.10094
2010     31     0.10057
2010     32     0.09664
2010     33     0.09027
2010     34     0.08196
2010     35     0.07181
2010     36     0.06004
2010     37     0.04763
2010     38     0.03643
2010     39     0.02732
2010     40     0.01903
2010     41     0.01196
2010     42     0.00693
2010     43     0.00373
2010     44     0.00199
2010     45     0.00099
2010     46     0.00045
2010     47     0.00020
2010     48     0.00010
2010     49     0.00007
2010     50     0.00005
2010     51     0.00003
2010     52     0.00002
2010     53     0.00001
2010     54     0.00000
2010     55+    0.00000
2011     12-    0.00000
2011     13     0.00004
2011     14     0.00036
2011     15     0.00129
2011     16     0.00331
2011     17     0.00656
2011     18     0.01192
2011     19     0.01879
2011     20     0.02490
2011     21     0.03056
2011     22     0.03644
2011     23     0.04365
2011     24     0.05268
2011     25     0.06268
2011     26     0.07193
2011     27     0.08088
2011     28     0.08923
2011     29     0.09524
2011     30     0.09917
2011     31     0.09984
2011     32     0.09570
2011     33     0.08921
2011     34     0.08166
2011     35     0.07231
2011     36     0.06116
2011     37     0.04873
2011     38     0.03753
2011     39     0.02814
2011     40     0.01964
2011     41     0.01229
2011     42     0.00720
2011     43     0.00396
2011     44     0.00206
2011     45     0.00099
2011     46     0.00042
2011     47     0.00020
2011     48     0.00012
2011     49     0.00007
2011     50     0.00005
2011     51     0.00004
2011     52     0.00002
2011     53     0.00001
2011     54     0.00000
2011     55+    0.00000
2012     12-    0.00000
2012     13     0.00004
2012     14     0.00035
2012     15     0.00122
2012     16     0.00329
2012     17     0.00655
2012     18     0.01146
2012     19     0.01850
2012     20     0.02502
2012     21     0.03010
2012     22     0.03563
2012     23     0.04289
2012     24     0.05161
2012     25     0.06217
2012     26     0.07242
2012     27     0.08138
2012     28     0.08906
2012     29     0.09634
2012     30     0.10173
2012     31     0.10157
2012     32     0.09777
2012     33     0.09155
2012     34     0.08339
2012     35     0.07404
2012     36     0.06299
2012     37     0.05061
2012     38     0.03943
2012     39     0.02974
2012     40     0.02048
2012     41     0.01295
2012     42     0.00770
2012     43     0.00419
2012     44     0.00214
2012     45     0.00108
2012     46     0.00050
2012     47     0.00025
2012     48     0.00015
2012     49     0.00006
2012     50     0.00004
2012     51     0.00004
2012     52     0.00003
2012     53     0.00001
2012     54     0.00000
2012     55+    0.00000
2013     12-    0.00000
2013     13     0.00003
2013     14     0.00036
2013     15     0.00125
2013     16     0.00304
2013     17     0.00643
2013     18     0.01166
2013     19     0.01751
2013     20     0.02333
2013     21     0.02884
2013     22     0.03469
2013     23     0.04152
2013     24     0.05034
2013     25     0.06098
2013     26     0.07110
2013     27     0.08060
2013     28     0.08955
2013     29     0.09613
2013     30     0.10149
2013     31     0.10329
2013     32     0.09951
2013     33     0.09351
2013     34     0.08602
2013     35     0.07585
2013     36     0.06433
2013     37     0.05297
2013     38     0.04152
2013     39     0.03130
2013     40     0.02178
2013     41     0.01366
2013     42     0.00809
2013     43     0.00449
2013     44     0.00229
2013     45     0.00109
2013     46     0.00056
2013     47     0.00026
2013     48     0.00013
2013     49     0.00009
2013     50     0.00006
2013     51     0.00004
2013     52     0.00002
2013     53     0.00001
2013     54     0.00000
2013     55+    0.00000
2014     12-    0.00000
2014     13     0.00005
2014     14     0.00042
2014     15     0.00131
2014     16     0.00329
2014     17     0.00650
2014     18     0.01131
2014     19     0.01752
2014     20     0.02300
2014     21     0.02850
2014     22     0.03473
2014     23     0.04164
2014     24     0.05039
2014     25     0.06139
2014     26     0.07222
2014     27     0.08245
2014     28     0.09250
2014     29     0.10099
2014     30     0.10653
2014     31     0.10825
2014     32     0.10518
2014     33     0.09841
2014     34     0.09027
2014     35     0.07998
2014     36     0.06775
2014     37     0.05557
2014     38     0.04444
2014     39     0.03386
2014     40     0.02366
2014     41     0.01512
2014     42     0.00897
2014     43     0.00483
2014     44     0.00238
2014     45     0.00119
2014     46     0.00058
2014     47     0.00029
2014     48     0.00015
2014     49     0.00008
2014     50     0.00006
2014     51     0.00004
2014     52     0.00002
2014     53     0.00001
2014     54     0.00000
2014     55+    0.00000
2015     12-    0.00000
2015     13     0.00006
2015     14     0.00046
2015     15     0.00138
2015     16     0.00329
2015     17     0.00636
2015     18     0.01118
2015     19     0.01765
2015     20     0.02354
2015     21     0.02879
2015     22     0.03466
2015     23     0.04179
2015     24     0.05063
2015     25     0.06133
2015     26     0.07272
2015     27     0.08363
2015     28     0.09411
2015     29     0.10246
2015     30     0.10835
2015     31     0.10995
2015     32     0.10757
2015     33     0.10154
2015     34     0.09265
2015     35     0.08254
2015     36     0.06974
2015     37     0.05644
2015     38     0.04500
2015     39     0.03497
2015     40     0.02520
2015     41     0.01592
2015     42     0.00900
2015     43     0.00496
2015     44     0.00265
2015     45     0.00130
2015     46     0.00063
2015     47     0.00031
2015     48     0.00017
2015     49     0.00010
2015     50     0.00006
2015     51     0.00005
2015     52     0.00003
2015     53     0.00001
2015     54     0.00000
2015     55+    0.00000
2016     12-    0.00000
2016     13     0.00006
2016     14     0.00050
2016     15     0.00153
2016     16     0.00374
2016     17     0.00737
2016     18     0.01318
2016     19     0.02013
2016     20     0.02657
2016     21     0.03287
2016     22     0.03801
2016     23     0.04459
2016     24     0.05344
2016     25     0.06399
2016     26     0.07590
2016     27     0.08769
2016     28     0.09854
2016     29     0.10740
2016     30     0.11384
2016     31     0.11600
2016     32     0.11266
2016     33     0.10636
2016     34     0.09806
2016     35     0.08757
2016     36     0.07481
2016     37     0.06072
2016     38     0.04817
2016     39     0.03734
2016     40     0.02680
2016     41     0.01733
2016     42     0.01045
2016     43     0.00577
2016     44     0.00287
2016     45     0.00149
2016     46     0.00076
2016     47     0.00037
2016     48     0.00021
2016     49     0.00014
2016     50     0.00010
2016     51     0.00006
2016     52     0.00003
2016     53     0.00001
2016     54     0.00000
2016     55+    0.00000
2017     12-    0.00000
2017     13     0.00005
2017     14     0.00039
2017     15     0.00129
2017     16     0.00319
2017     17     0.00626
2017     18     0.01151
2017     19     0.01772
2017     20     0.02370
2017     21     0.03009
2017     22     0.03598
2017     23     0.04238
2017     24     0.05117
2017     25     0.06222
2017     26     0.07400
2017     27     0.08519
2017     28     0.09654
2017     29     0.10672
2017     30     0.11347
2017     31     0.11575
2017     32     0.11298
2017     33     0.10612
2017     34     0.09703
2017     35     0.08722
2017     36     0.07472
2017     37     0.06101
2017     38     0.04851
2017     39     0.03753
2017     40     0.02685
2017     41     0.01753
2017     42     0.01069
2017     43     0.00592
2017     44     0.00316
2017     45     0.00162
2017     46     0.00077
2017     47     0.00037
2017     48     0.00019
2017     49     0.00013
2017     50     0.00010
2017     51     0.00006
2017     52     0.00003
2017     53     0.00001
2017     54     0.00001
2017     55+    0.00000
